[gd_scene load_steps=6 format=2]

[ext_resource path="res://Environment/Desert/Desert.tscn" type="PackedScene" id=1]
[ext_resource path="res://Player/PlayerModel.tscn" type="PackedScene" id=2]
[ext_resource path="res://Environment/Desert/desert_environment.tres" type="Environment" id=3]
[ext_resource path="res://ui/MainMenu/MainMenu.tscn" type="PackedScene" id=4]
[ext_resource path="res://ui/MainMenu/HomeScreen.gd" type="Script" id=5]

[node name="HomeScreen" type="Spatial"]
script = ExtResource( 5 )

[node name="DirectionalLight" type="DirectionalLight" parent="."]
transform = Transform( 0.670051, 0.372122, 0.642306, -0.742315, 0.335896, 0.579778, 0, -0.865274, 0.501299, 0, 3.89171, 0 )
light_color = Color( 0.870588, 0.745098, 0.905882, 1 )
light_energy = 3.0
shadow_enabled = true
shadow_bias = 0.01

[node name="Desert" parent="." instance=ExtResource( 1 )]
generate_coins = false

[node name="Desert2" parent="." instance=ExtResource( 1 )]
transform = Transform( 1, 0, 0, 0, 1, 0, 0, 0, 1, 0, 0, -50 )
generate_coins = false

[node name="Desert3" parent="." instance=ExtResource( 1 )]
transform = Transform( 1, 0, 0, 0, 1, 0, 0, 0, 1, 0, 0, -100 )
generate_coins = false

[node name="PlayerModel" parent="." instance=ExtResource( 2 )]
transform = Transform( 0.880204, 0, -0.474595, 0, 1, 0, 0.474595, 0, 0.880204, 0, 0, 0 )

[node name="Camera" type="Camera" parent="."]
transform = Transform( 0.995504, 0, -0.0947165, 0, 1, 0, 0.0947165, 0, 0.995504, -1.22734, 1.23071, 2.32869 )
environment = ExtResource( 3 )

[node name="GridContainer" type="GridContainer" parent="."]
anchor_right = 1.0
anchor_bottom = 1.0
columns = 2
__meta__ = {
"_edit_use_anchors_": false
}

[node name="CenterContainer" type="CenterContainer" parent="GridContainer"]
margin_right = 512.0
margin_bottom = 600.0
grow_horizontal = 2
grow_vertical = 2
size_flags_horizontal = 3
size_flags_vertical = 3

[node name="MainMenu" parent="GridContainer/CenterContainer" instance=ExtResource( 4 )]
anchor_right = 0.0
anchor_bottom = 0.0
margin_left = 256.0
margin_top = 300.0
margin_right = 256.0
margin_bottom = 300.0
